PBIL
number of literals
50
140
140
64
140
140
125
60
140
100
140
343
60
60
216
50
150
140
100
140
140

average percentage for timeouts
0.9966666666666667
0.9792452830188679
0.9679193400549955
0.9653179190751445
0.9883551673944687
0.9698630136986301
0.9627976190476191
0.9911582670203359
0.9869230769230769
0.9933333333333333
0.9826732673267327
0.8488824101068999
0.9921568627450981
0.9915522703273495
0.8533950617283951
0.9966666666666667
0.9851851851851852
0.9858407079646018
0.985539488320356
0.9716376944190301
0.9707495429616088
