SA
number of clauses
900
1200
1258
384
1600
1260
750
1200
1500
1800
1400
2058
800
1000
1296
900
1350
1300
900
1258
1260

average percentage for timeouts
0.9977777777777778
0.9981132075471698
0.9926672777268561
0.9884393063583815
0.9978165938864629
0.9899543378995433
0.9940476190476191
0.995579133510168
0.9969230769230769
0.9966666666666667
0.995049504950495
0.891156462585034
0.9947712418300654
0.9926082365364308
0.8888888888888888
0.9977777777777778
0.9925925925925926
0.9973451327433628
0.9933259176863182
0.9908508691674291
0.9908592321755028
